436187
853145
1663004
2595053
3406571
5708799
5741656
7229052
7833254
10388154
10624164
11381229
12200868
14015742
14262506
14976817
16090385
19615696
20089356
20352977
20827217
21303590
21980459
22929396
23694497
23985596
25005572
27672009
27995824
28172833
28763907
30805736
31494034
32130055
32729051
33400886
35076751
37537020
37840998
39225506
39365867
40402724
40772501
40961309
42492428
42768691
43750528
43790414
44116185
44602935
45120223
46622601
46715103
47431987
47545719
47691213
50755328
53537927
55830392
58832595
59787321
62080868
62732818
63538953
63833797
64636308
66472980
67767545
68673276
70465658
70565469
70938480
71135621
73009403
73146180
73304368
75516774
77812255
78002805
78130498
81656881
83133812
83232543
83698772
84302388
84517071
86231685
87697090
88733605
88799390
90277617
92214671
92324006
93226840
94515044
96089340
97184418
98692433
99214185
99282377
102356646
104524303
105187579
107818792
109341623
111752298
111912556
112364176
112873687
112968225
113757295
115015532
116840455
119474594
123287692
124902526
126116752
126334177
126793033
128844253
129310459
133416816
136295025
137705322
138691976
139344983
139986492
140131757
144052348
144313231
146351211
146446714
151822134
152104164
152504696
155361105
155486234
155967819
156806046
160815321
163085870
163372794
165282863
165624811
167266442
170114215
170324448
172355918
173180405
174714430
175609833
176841673
180610279
181436777
183070205
183209616
186797052
189324970
189447676
189809323
190943088
192237367
192615219
192657751
192869930
193181888
194345789
197798539
198257818
198505578
201113900
202204934
202319363
203967039
204998615
205434568
205791560
207639271
208660322
210332377
214036062
215373541
216721769
218072778
220139010
222368432
222713943
225289926
229537930
234827578
236621059
237097499
237999400
242025892
242276219
244882459
245744705
247743606
248352216
249710878
254172717
255586416
255587059
258119193
259090196
260723526
262728859
266605068
267180127
269352281
273759346
275020381
275802403
276064110
277494206
277917031
281740263
281909073
282561152
286073543
291242187
292498738
296937215
297389837
301886950
303868579
305346557
306912488
311333872
312222297
318286805
328413802
334282679
335423718
336839558
341221506
346973759
351033461
351484329
354557479
355347342
356238550
359475648
360864231
368115650
373165875
375210289
379425315
380707697
381438854
387966507
390678734
401789465
401799072
402194921
405196569
420026117
423513551
426287193
429562886
431808062
435957331
446540032
453574019
455168738
464254502
465015474
470866901
507718819
525658655
